#{"t_start": 1758297783.8312464, "env_id": "None"}
r,l,t
25.0,25,1.285896
55.0,55,1.396262
14.0,14,1.403152
26.0,26,1.418835
14.0,14,1.428749
37.0,37,1.449705
15.0,15,1.456996
21.0,21,1.470258
13.0,13,1.47895
13.0,13,1.495358
12.0,12,1.503089
65.0,65,1.545843
40.0,40,1.568483
26.0,26,1.587422
14.0,14,1.597397
39.0,39,1.619205
29.0,29,1.636153
19.0,19,1.645303
20.0,20,1.658072
14.0,14,1.664888
28.0,28,1.683836
45.0,45,1.711708
16.0,16,1.719423
65.0,65,1.756752
19.0,19,1.76895
28.0,28,1.787694
12.0,12,1.796764
53.0,53,1.829345
42.0,42,1.852546
28.0,28,1.86975
14.0,14,1.87655
37.0,37,1.902439
25.0,25,1.914462
18.0,18,1.926109
12.0,12,1.931884
33.0,33,1.950768
11.0,11,1.95909
12.0,12,1.964824
29.0,29,1.981778
16.0,16,1.991512
13.0,13,2.000785
20.0,20,2.010294
16.0,16,2.020935
14.0,14,2.027633
25.0,25,2.042514
21.0,21,2.055548
19.0,19,2.064619
16.0,16,2.075317
11.0,11,2.080532
22.0,22,2.101138
14.0,14,2.107887
13.0,13,2.119481
27.0,27,2.135335
53.0,53,2.163451
22.0,22,2.177199
14.0,14,2.183871
20.0,20,2.200901
9.0,9,2.205191
31.0,31,2.222918
43.0,43,2.249338
27.0,27,2.262125
16.0,16,2.272742
13.0,13,2.27895
12.0,12,2.287729
32.0,32,2.308006
17.0,17,2.316054
11.0,11,2.324401
24.0,24,2.335742
14.0,14,2.345439
29.0,29,2.362239
19.0,19,2.371205
15.0,15,2.38138
25.0,25,2.39822
10.0,10,2.403031
30.0,30,2.42035
76.0,76,2.462585
27.0,27,2.478403
19.0,19,2.490393
33.0,33,2.511145
14.0,14,2.517778
14.0,14,2.527404
71.0,71,2.566877
17.0,17,2.574914
20.0,20,2.587516
25.0,25,2.604442
34.0,34,2.623652
21.0,21,2.633601
53.0,53,2.664707
24.0,24,2.679161
21.0,21,2.689242
15.0,15,2.69979
39.0,39,2.724349
14.0,14,2.734464
13.0,13,2.740902
32.0,32,2.759398
33.0,33,2.786289
16.0,16,2.797777
18.0,18,2.809582
31.0,31,2.827577
49.0,49,2.85694
19.0,19,2.865996
37.0,37,2.886747
20.0,20,2.899452
19.0,19,2.913969
45.0,45,2.938502
94.0,94,2.992452
32.0,32,3.013276
17.0,17,3.021492
13.0,13,3.030821
18.0,18,3.039456
27.0,27,3.055325
14.0,14,3.065061
25.0,25,3.077062
21.0,21,3.090205
37.0,37,3.110797
15.0,15,3.123323
17.0,17,3.131662
59.0,59,3.166486
22.0,22,3.180519
16.0,16,3.188369
23.0,23,3.202773
16.0,16,3.21374
29.0,29,3.22966
42.0,42,3.255773
16.0,16,3.263636
39.0,39,3.292048
19.0,19,3.304669
20.0,20,3.319755
40.0,40,3.342702
58.0,58,3.377212
17.0,17,3.385488
13.0,13,3.394891
9.0,9,3.399251
13.0,13,3.405467
17.0,17,3.416606
16.0,16,3.426536
22.0,22,3.440119
29.0,29,3.457008
31.0,31,3.474732
15.0,15,3.481924
25.0,25,3.496853
23.0,23,3.510924
58.0,58,3.548308
44.0,44,3.576161
17.0,17,3.59134
19.0,19,3.604879
16.0,16,3.621083
19.0,19,3.636813
34.0,34,3.666378
14.0,14,3.681185
11.0,11,3.687984
59.0,59,3.723642
14.0,14,3.732923
19.0,19,3.745533
16.0,16,3.756517
11.0,11,3.761981
40.0,40,3.784948
64.0,64,3.821747
19.0,19,3.836222
19.0,19,3.845668
19.0,19,3.857898
26.0,26,3.873431
24.0,24,3.887901
13.0,13,3.894212
14.0,14,3.900928
17.0,17,3.912116
20.0,20,3.924921
64.0,64,3.964522
27.0,27,3.977443
22.0,22,3.991024
21.0,21,4.004118
14.0,14,4.010871
17.0,17,4.022065
32.0,32,4.042934
38.0,38,4.064759
84.0,84,4.111668
13.0,13,4.12108
19.0,19,4.130456
30.0,30,4.15031
26.0,26,4.16585
70.0,70,4.205194
14.0,14,4.214936
28.0,28,4.231304
30.0,30,4.251196
29.0,29,4.268566
31.0,31,4.286342
33.0,33,4.305109
39.0,39,4.326724
20.0,20,4.336623
17.0,17,4.350478
49.0,49,4.377068
25.0,25,4.577451
35.0,35,4.598604
17.0,17,4.610238
33.0,33,4.62939
30.0,30,4.649317
25.0,25,4.664359
42.0,42,4.68735
13.0,13,4.693771
18.0,18,4.705497
61.0,61,4.740561
12.0,12,4.74635
22.0,22,4.762311
39.0,39,4.784248
34.0,34,4.8035
38.0,38,4.824805
21.0,21,4.837928
17.0,17,4.849089
20.0,20,4.861092
23.0,23,4.875395
37.0,37,4.89606
40.0,40,4.918155
26.0,26,4.934
17.0,17,4.945611
15.0,15,4.953015
20.0,20,4.968118
31.0,31,4.986358
22.0,22,4.996915
20.0,20,5.009544
16.0,16,5.020188
22.0,22,5.030839
30.0,30,5.048195
13.0,13,5.059636
36.0,36,5.079956
38.0,38,5.10114
23.0,23,5.115165
13.0,13,5.121422
21.0,21,5.134549
22.0,22,5.14503
37.0,37,5.167741
37.0,37,5.191492
56.0,56,5.221183
25.0,25,5.236187
28.0,28,5.252565
16.0,16,5.265282
24.0,24,5.276757
26.0,26,5.292178
83.0,83,5.340834
10.0,10,5.345636
11.0,11,5.350891
15.0,15,5.361132
49.0,49,5.389639
26.0,26,5.408218
28.0,28,5.424629
34.0,34,5.443867
24.0,24,5.458366
63.0,63,5.496412
45.0,45,5.520908
16.0,16,5.531652
18.0,18,5.54023
11.0,11,5.548581
46.0,46,5.575454
11.0,11,5.580756
11.0,11,5.589113
21.0,21,5.599162
13.0,13,5.608468
36.0,36,5.628669
15.0,15,5.63585
30.0,30,5.653229
30.0,30,5.672438
35.0,35,5.69212
19.0,19,5.704403
15.0,15,5.711641
14.0,14,5.721704
77.0,77,5.76699
42.0,42,5.809081
22.0,22,5.824479
17.0,17,5.841555
20.0,20,5.85595
41.0,41,5.89127
12.0,12,5.897245
15.0,15,5.907801
17.0,17,5.916202
44.0,44,5.940807
23.0,23,5.955214
62.0,62,5.993895
23.0,23,6.008466
47.0,47,6.042568
17.0,17,6.054956
17.0,17,6.063433
19.0,19,6.075987
43.0,43,6.10272
84.0,84,6.152959
19.0,19,6.165295
27.0,27,6.178512
56.0,56,6.213324
20.0,20,6.225886
33.0,33,6.244605
35.0,35,6.267618
35.0,35,6.290435
39.0,39,6.31285
22.0,22,6.326823
13.0,13,6.333226
24.0,24,6.348214
10.0,10,6.353145
41.0,41,6.379475
44.0,44,6.406935
10.0,10,6.411927
14.0,14,6.422062
19.0,19,6.431189
44.0,44,6.458108
53.0,53,6.486273
29.0,29,6.505221
12.0,12,6.513997
32.0,32,6.532254
18.0,18,6.540837
21.0,21,6.553835
16.0,16,6.561455
12.0,12,6.570217
78.0,78,6.616318
14.0,14,6.62636
21.0,21,6.63678
47.0,47,6.666048
16.0,16,6.673699
59.0,59,6.710523
41.0,41,6.734857
16.0,16,6.745948
52.0,52,6.777774
28.0,28,6.791659
18.0,18,6.80593
41.0,41,6.829114
12.0,12,6.837881
21.0,21,6.847862
31.0,31,6.866615
14.0,14,6.876731
35.0,35,6.89933
33.0,33,6.91904
50.0,50,6.946862
39.0,39,6.972163
33.0,33,6.991552
25.0,25,7.005884
28.0,28,7.022933
20.0,20,7.035992
28.0,28,7.052816
29.0,29,7.070613
13.0,13,7.077178
48.0,48,7.113719
15.0,15,7.121209
21.0,21,7.134655
21.0,21,7.145067
14.0,14,7.155124
29.0,29,7.17253
67.0,67,7.214746
31.0,31,7.235316
65.0,65,7.280399
24.0,24,7.300372
36.0,36,7.33067
27.0,27,7.350517
36.0,36,7.374053
24.0,24,7.387205
10.0,10,7.401074
30.0,30,7.424362
23.0,23,7.436957
44.0,44,7.468519
38.0,38,7.492821
31.0,31,7.515783
16.0,16,7.524599
24.0,24,7.542176
19.0,19,7.555344
23.0,23,7.566293
40.0,40,7.591721
37.0,37,7.612362
31.0,31,7.632731
14.0,14,7.639409
43.0,43,7.948109
31.0,31,7.965995
21.0,21,7.976008
13.0,13,7.985569
26.0,26,7.99803
16.0,16,8.008767
77.0,77,8.053957
24.0,24,8.068481
78.0,78,8.114657
35.0,35,8.136651
20.0,20,8.14667
33.0,33,8.166124
16.0,16,8.177285
22.0,22,8.188264
49.0,49,8.217947
75.0,75,8.261878
17.0,17,8.273303
12.0,12,8.279156
17.0,17,8.290556
45.0,45,8.315119
49.0,49,8.346888
22.0,22,8.357757
32.0,32,8.376873
49.0,49,8.407394
27.0,27,8.423636
23.0,23,8.439814
53.0,53,8.469296
44.0,44,8.496567
24.0,24,8.507962
16.0,16,8.518646
26.0,26,8.534057
16.0,16,8.544389
72.0,72,8.586087
19.0,19,8.598295
35.0,35,8.617938
37.0,37,8.638545
27.0,27,8.656481
109.0,109,8.717629
34.0,34,8.739872
40.0,40,8.764962
59.0,59,8.800215
40.0,40,8.822308
15.0,15,8.829509
24.0,24,8.843963
46.0,46,8.87425
74.0,74,8.915479
33.0,33,8.934956
15.0,15,8.942486
16.0,16,8.955612
17.0,17,8.96404
57.0,57,8.998224
33.0,33,9.017001
21.0,21,9.030114
62.0,62,9.068571
25.0,25,9.083673
48.0,48,9.109576
20.0,20,9.122333
37.0,37,9.143231
14.0,14,9.150182
34.0,34,9.17228
24.0,24,9.1872
16.0,16,9.198141
21.0,21,9.208229
20.0,20,9.220844
40.0,40,9.242941
34.0,34,9.264459
53.0,53,9.296666
22.0,22,9.310196
29.0,29,9.324036
22.0,22,9.337628
46.0,46,9.368527
40.0,40,9.390627
22.0,22,9.401139
42.0,42,9.427241
30.0,30,9.444649
27.0,27,9.462701
25.0,25,9.4751
18.0,18,9.486923
22.0,22,9.500516
19.0,19,9.509617
19.0,19,9.521723
18.0,18,9.530322
25.0,25,9.545576
62.0,62,9.584641
46.0,46,9.616731
19.0,19,9.625843
14.0,14,9.635617
13.0,13,9.641884
33.0,33,9.660655
40.0,40,9.684939
125.0,125,9.756623
52.0,52,9.789529
16.0,16,9.797212
42.0,42,9.82339
27.0,27,9.838336
14.0,14,9.849309
14.0,14,9.85598
26.0,26,9.87395
38.0,38,9.895225
46.0,46,9.923292
35.0,35,9.943012
28.0,28,9.959342
35.0,35,9.981106
40.0,40,10.003176
20.0,20,10.01578
25.0,25,10.027692
19.0,19,10.03982
69.0,69,10.080754
38.0,38,10.101939
41.0,41,10.12763
31.0,31,10.145453
42.0,42,10.168476
21.0,21,10.183594
38.0,38,10.204765
29.0,29,10.221895
24.0,24,10.233371
28.0,28,10.249743
47.0,47,10.280423
18.0,18,10.289032
20.0,20,10.301628
29.0,29,10.318498
18.0,18,10.327056
21.0,21,10.340103
83.0,83,10.390681
53.0,53,10.418975
39.0,39,10.443635
23.0,23,10.454965
28.0,28,10.471511
17.0,17,10.48473
25.0,25,10.496669
18.0,18,10.508347
22.0,22,10.523747
29.0,29,10.541834
45.0,45,10.566341
66.0,66,10.606822
25.0,25,10.621833
19.0,19,10.630982
67.0,67,10.671993
22.0,22,10.682523
25.0,25,10.699489
29.0,29,10.71641
11.0,11,10.721722
32.0,32,10.740369
17.0,17,10.751548
17.0,17,10.759931
15.0,15,10.770306
27.0,27,10.786197
122.0,122,10.855562
23.0,23,10.869597
27.0,27,10.885548
58.0,58,11.239163
25.0,25,11.254249
40.0,40,11.276823
17.0,17,11.284971
25.0,25,11.302239
50.0,50,11.332598
18.0,18,11.341632
102.0,102,11.406406
74.0,74,11.449111
33.0,33,11.468355
50.0,50,11.495604
49.0,49,11.528239
35.0,35,11.549315
27.0,27,11.566177
59.0,59,11.601295
56.0,56,11.634065
24.0,24,11.649047
15.0,15,11.659574
47.0,47,11.685646
63.0,63,11.724647
35.0,35,11.745681
29.0,29,11.762995
27.0,27,11.779109
48.0,48,11.804987
13.0,13,11.819599
32.0,32,11.83845
23.0,23,11.853062
27.0,27,11.865965
70.0,70,11.90928
62.0,62,11.948114
23.0,23,11.959417
38.0,38,11.98118
48.0,48,12.010929
95.0,95,12.068621
17.0,17,12.076957
24.0,24,12.091842
35.0,35,12.112128
29.0,29,12.131424
13.0,13,12.14097
60.0,60,12.17661
24.0,24,12.18808
11.0,11,12.196669
83.0,83,12.245569
12.0,12,12.254667
25.0,25,12.267169
19.0,19,12.279629
26.0,26,12.295526
19.0,19,12.304884
28.0,28,12.323655
18.0,18,12.335864
29.0,29,12.3534
15.0,15,12.360831
32.0,32,12.379693
12.0,12,12.388763
93.0,93,12.443089
87.0,87,12.494919
28.0,28,12.511252
14.0,14,12.517948
26.0,26,12.535517
45.0,45,12.563943
39.0,39,12.58631
21.0,21,12.599821
42.0,42,12.623651
64.0,64,12.663408
35.0,35,12.683863
16.0,16,12.69152
77.0,77,12.739376
59.0,59,12.774868
37.0,37,12.796341
117.0,117,12.868659
22.0,22,12.879107
104.0,104,12.939802
70.0,70,12.982805
41.0,41,13.005275
42.0,42,13.028232
15.0,15,13.041277
16.0,16,13.051913
30.0,30,13.069736
37.0,37,13.09031
81.0,81,13.140084
168.0,168,13.24438
53.0,53,13.275712
25.0,25,13.290591
17.0,17,13.298735
20.0,20,13.311306
13.0,13,13.318886
19.0,19,13.332467
20.0,20,13.344169
10.0,10,13.352217
60.0,60,13.386848
78.0,78,13.42988
21.0,21,13.444679
48.0,48,13.470543
24.0,24,13.484981
22.0,22,13.498431
82.0,82,13.545281
28.0,28,13.562381
68.0,68,13.601707
42.0,42,13.624654
27.0,27,13.640496
24.0,24,13.65689
53.0,53,13.688238
139.0,139,13.772603
42.0,42,13.795854
34.0,34,13.815083
62.0,62,13.852523
16.0,16,13.863273
40.0,40,13.885417
24.0,24,13.899897
38.0,38,13.921025
21.0,21,13.934063
11.0,11,13.939338
19.0,19,13.953219
9.0,9,13.957582
9.0,9,13.961928
38.0,38,13.983068
16.0,16,13.993715
58.0,58,14.027321
50.0,50,14.056027
20.0,20,14.068648
61.0,61,14.103732
90.0,90,14.157405
53.0,53,14.185786
27.0,27,14.472979
19.0,19,14.485598
34.0,34,14.50529
47.0,47,14.532568
19.0,19,14.545533
23.0,23,14.559979
15.0,15,14.569911
67.0,67,14.609272
30.0,30,14.627113
52.0,52,14.65886
42.0,42,14.684335
15.0,15,14.691501
23.0,23,14.705583
23.0,23,14.719759
82.0,82,14.764988
15.0,15,14.777593
20.0,20,14.79057
67.0,67,14.8292
48.0,48,14.855404
35.0,35,14.878456
81.0,81,14.927476
14.0,14,14.93438
33.0,33,14.953728
28.0,28,14.970716
49.0,49,15.003343
36.0,36,15.023499
52.0,52,15.051255
20.0,20,15.063808
27.0,27,15.081912
33.0,33,15.101487
89.0,89,15.154887
20.0,20,15.16482
26.0,26,15.183382
82.0,82,15.231926
55.0,55,15.261179
47.0,47,15.292056
66.0,66,15.329861
21.0,21,15.343284
22.0,22,15.354118
42.0,42,15.382985
55.0,55,15.412781
25.0,25,15.427774
82.0,82,15.476522
25.0,25,15.490813
80.0,80,15.538111
30.0,30,15.556081
21.0,21,15.566432
38.0,38,15.593018
62.0,62,15.629242
15.0,15,15.636466
40.0,40,15.658664
22.0,22,15.672259
36.0,36,15.694854
21.0,21,15.708272
31.0,31,15.726139
26.0,26,15.741731
34.0,34,15.761079
85.0,85,15.811084
44.0,44,15.839046
24.0,24,15.850548
50.0,50,15.88055
42.0,42,15.909522
29.0,29,15.926986
51.0,51,15.957891
33.0,33,15.977515
56.0,56,16.014119
26.0,26,16.026994
31.0,31,16.045849
58.0,58,16.081542
45.0,45,16.112522
22.0,22,16.123415
31.0,31,16.141902
26.0,26,16.157836
31.0,31,16.176265
26.0,26,16.191666
24.0,24,16.208661
40.0,40,16.231584
42.0,42,16.255079
37.0,37,16.275754
16.0,16,16.286429
54.0,54,16.317921
41.0,41,16.344328
33.0,33,16.363582
37.0,37,16.384828
21.0,21,16.398191
11.0,11,16.405611
45.0,45,16.431098
28.0,28,16.447639
19.0,19,16.45974
42.0,42,16.482722
24.0,24,16.497162
63.0,63,16.547718
74.0,74,16.609882
27.0,27,16.626731
120.0,120,16.697677
18.0,18,16.706298
21.0,21,16.721643
32.0,32,16.739956
153.0,153,16.830119
32.0,32,16.848407
22.0,22,16.858915
112.0,112,16.926438
50.0,50,16.956282
53.0,53,16.984838
146.0,146,17.072939
207.0,207,17.196465
23.0,23,17.210832
29.0,29,17.229991
85.0,85,17.27659
52.0,52,17.307451
64.0,64,17.346044
24.0,24,17.360567
81.0,81,17.405329
46.0,46,17.435343
86.0,86,17.644927
18.0,18,17.653863
39.0,39,17.675779
26.0,26,17.691272
56.0,56,17.724083
23.0,23,17.740536
34.0,34,17.759857
37.0,37,17.780581
77.0,77,17.823297
21.0,21,17.838429
12.0,12,17.844195
66.0,66,17.881848
36.0,36,17.902095
127.0,127,17.976714
20.0,20,17.992243
46.0,46,18.017273
50.0,50,18.049236
38.0,38,18.070435
22.0,22,18.083957
33.0,33,18.102735
50.0,50,18.129617
110.0,110,18.19628
51.0,51,18.226641
37.0,37,18.249383
20.0,20,18.258983
49.0,49,18.288454
38.0,38,18.309586
60.0,60,18.346295
30.0,30,18.36372
66.0,66,18.40122
34.0,34,18.420479
22.0,22,18.434024
28.0,28,18.452437
26.0,26,18.464914
35.0,35,18.48463
20.0,20,18.49744
41.0,41,18.520095
82.0,82,18.570445
63.0,63,18.606481
126.0,126,18.680734
81.0,81,18.725377
54.0,54,18.759268
40.0,40,18.781482
69.0,69,18.820962
22.0,22,18.834576
50.0,50,18.866727
29.0,29,18.88361
28.0,28,18.897031
105.0,105,18.96123
45.0,45,18.985744
35.0,35,19.005605
15.0,15,19.015852
39.0,39,19.037533
21.0,21,19.050617
32.0,32,19.071043
32.0,32,19.089336
79.0,79,19.133095
17.0,17,19.144274
45.0,45,19.170646
24.0,24,19.185198
56.0,56,19.214947
41.0,41,19.240594
28.0,28,19.257007
74.0,74,19.300454
118.0,118,19.370692
22.0,22,19.38123
82.0,82,19.429415
56.0,56,19.46216
50.0,50,19.491002
46.0,46,19.519043
40.0,40,19.541214
35.0,35,19.560976
40.0,40,19.585
18.0,18,19.596668
37.0,37,19.617376
41.0,41,19.639954
34.0,34,19.659225
38.0,38,19.682305
28.0,28,19.698896
47.0,47,19.72737
22.0,22,19.740914
33.0,33,19.759706
18.0,18,19.768357
62.0,62,19.805955
18.0,18,19.817633
27.0,27,19.830525
53.0,53,19.864844
43.0,43,19.890784
128.0,128,19.965172
106.0,106,20.031184
39.0,39,20.053493
35.0,35,20.073682
12.0,12,20.081463
50.0,50,20.111459
22.0,22,20.125074
51.0,51,20.152495
40.0,40,20.177674
50.0,50,20.206449
20.0,20,20.219101
24.0,24,20.230578
24.0,24,20.245075
56.0,56,20.277853
43.0,43,20.304074
19.0,19,20.31639
59.0,59,20.350597
89.0,89,20.403988
52.0,52,20.431848
37.0,37,20.452596
24.0,24,20.467154
66.0,66,20.507181
97.0,97,20.903094
29.0,29,20.92129
72.0,72,20.980379
33.0,33,21.011529
35.0,35,21.038427
29.0,29,21.056442
15.0,15,21.067024
86.0,86,21.120822
19.0,19,21.130178
36.0,36,21.150987
32.0,32,21.169846
47.0,47,21.198867
164.0,164,21.294581
44.0,44,21.320925
49.0,49,21.350562
25.0,25,21.365546
96.0,96,21.422515
23.0,23,21.433551
41.0,41,21.462082
25.0,25,21.47415
22.0,22,21.487728
62.0,62,21.526474
68.0,68,21.564959
36.0,36,21.585192
55.0,55,21.619974
21.0,21,21.63307
22.0,22,21.643609
90.0,90,21.695615
21.0,21,21.708685
109.0,109,21.771837
73.0,73,21.812685
28.0,28,21.831178
71.0,71,21.871117
43.0,43,21.897698
46.0,46,21.924975
28.0,28,21.942033
75.0,75,21.983984
57.0,57,22.017082
47.0,47,22.047497
73.0,73,22.088186
24.0,24,22.102646
39.0,39,22.129696
29.0,29,22.146554
59.0,59,22.180638
42.0,42,22.203608
62.0,62,22.241139
62.0,62,22.276656
94.0,94,22.332688
38.0,38,22.35377
20.0,20,22.366332
53.0,53,22.394495
43.0,43,22.420994
15.0,15,22.430178
70.0,70,22.469483
304.0,304,22.648976
36.0,36,22.669114
47.0,47,22.694679
47.0,47,22.723655
31.0,31,22.743716
141.0,141,22.822836
138.0,138,22.905648
38.0,38,22.9268
12.0,12,22.932573
34.0,34,22.954219
85.0,85,23.003718
108.0,108,23.066162
71.0,71,23.105968
42.0,42,23.132729
35.0,35,23.155011
60.0,60,23.190622
201.0,201,23.311128
68.0,68,23.351642
75.0,75,23.393487
28.0,28,23.409926
69.0,69,23.454829
37.0,37,23.476836
56.0,56,23.506543
27.0,27,23.522443
24.0,24,23.536979
64.0,64,23.575659
20.0,20,23.588359
21.0,21,23.598395
78.0,78,23.644647
40.0,40,23.668911
14.0,14,23.675691
147.0,147,23.767062
119.0,119,23.841343
165.0,165,24.151663
53.0,53,24.185047
54.0,54,24.213737
55.0,55,24.248858
50.0,50,24.28079
38.0,38,24.301953
43.0,43,24.325451
56.0,56,24.358089
72.0,72,24.404486
60.0,60,24.446682
24.0,24,24.464315
26.0,26,24.480614
93.0,93,24.538413
29.0,29,24.555297
131.0,131,24.632124
83.0,83,24.682697
39.0,39,24.704412
32.0,32,24.722682
79.0,79,24.769491
93.0,93,24.824947
112.0,112,24.889453
45.0,45,24.913996
38.0,38,24.938184
28.0,28,24.954578
51.0,51,24.98399
48.0,48,25.013029
72.0,72,25.053334
55.0,55,25.087801
42.0,42,25.110907
14.0,14,25.117631
52.0,52,25.148436
180.0,180,25.25439
29.0,29,25.271249
57.0,57,25.30379
36.0,36,25.324004
29.0,29,25.340914
88.0,88,25.393921
91.0,91,25.446405
45.0,45,25.470892
32.0,32,25.489277
39.0,39,25.515984
58.0,58,25.546635
52.0,52,25.577428
69.0,69,25.618373
94.0,94,25.67212
33.0,33,25.690883
19.0,19,25.705246
68.0,68,25.743698
30.0,30,25.761065
114.0,114,25.826496
22.0,22,25.840031
48.0,48,25.868957
87.0,87,25.91851
36.0,36,25.940658
40.0,40,25.967017
117.0,117,26.034795
84.0,84,26.083774
43.0,43,26.109327
51.0,51,26.143132
75.0,75,26.184844
60.0,60,26.221366
93.0,93,26.274691
14.0,14,26.281399
44.0,44,26.308393
27.0,27,26.326198
54.0,54,26.354929
26.0,26,26.370341
56.0,56,26.403064
35.0,35,26.42501
68.0,68,26.463406
75.0,75,26.505176
56.0,56,26.539759
33.0,33,26.558527
93.0,93,26.611867
77.0,77,26.659369
42.0,42,26.682434
47.0,47,26.707832
33.0,33,26.72853
49.0,49,26.757945
34.0,34,26.777177
34.0,34,26.796402
46.0,46,26.823231
53.0,53,26.854493
41.0,41,26.877051
135.0,135,26.958274
65.0,65,26.995269
62.0,62,27.033077
115.0,115,27.658415
60.0,60,27.693203
52.0,52,27.724139
49.0,49,27.752601
36.0,36,27.772847
64.0,64,27.80952
22.0,22,27.823142
48.0,48,27.851349
96.0,96,27.907464
132.0,132,27.988561
60.0,60,28.020037
52.0,52,28.052935
65.0,65,28.08985
60.0,60,28.124506
65.0,65,28.164146
106.0,106,28.22354
55.0,55,28.257741
129.0,129,28.330965
77.0,77,28.378576
72.0,72,28.418831
38.0,38,28.439934
73.0,73,28.482658
69.0,69,28.521419
72.0,72,28.569686
67.0,67,28.607453
70.0,70,28.646907
85.0,85,28.699928
21.0,21,28.710013
53.0,53,28.741301
47.0,47,28.768803
36.0,36,28.789064
92.0,92,28.842017
49.0,49,28.873537
68.0,68,28.911949
59.0,59,28.946073
68.0,68,28.986532
75.0,75,29.028204
127.0,127,29.102727
153.0,153,29.192663
56.0,56,29.225406
136.0,136,29.304322
64.0,64,29.340797
32.0,32,29.359072
47.0,47,29.38956
68.0,68,29.428015
36.0,36,29.448196
80.0,80,29.494334
182.0,182,29.601395
35.0,35,29.621153
97.0,97,29.678421
96.0,96,29.733245
65.0,65,29.770257
39.0,39,29.794486
109.0,109,29.858845
94.0,94,29.915861
103.0,103,29.974512
35.0,35,29.99704
37.0,37,30.018476
19.0,19,30.030972
198.0,198,30.14764
43.0,43,30.171843
61.0,61,30.209727
71.0,71,30.249451
97.0,97,30.30654
44.0,44,30.333521
18.0,18,30.342092
75.0,75,30.386704
70.0,70,30.431563
148.0,148,30.522093
21.0,21,30.532201
163.0,163,31.249497
79.0,79,31.296549
96.0,96,31.353609
74.0,74,31.394989
55.0,55,31.429429
132.0,132,31.504537
121.0,121,31.576596
33.0,33,31.595403
94.0,94,31.651448
153.0,153,31.739787
35.0,35,31.763817
57.0,57,31.795278
119.0,119,31.86948
133.0,133,31.947184
180.0,180,32.054144
65.0,65,32.091187
145.0,145,32.174404
48.0,48,32.203361
14.0,14,32.210316
213.0,213,32.33577
55.0,55,32.370264
79.0,79,32.413961
67.0,67,32.453787
66.0,66,32.491707
98.0,98,32.549456
152.0,152,32.636596
72.0,72,32.679193
130.0,130,32.755616
23.0,23,32.769729
37.0,37,32.790396
74.0,74,32.834695
201.0,201,32.956062
41.0,41,32.979053
193.0,193,33.090908
56.0,56,33.123741
77.0,77,33.169139
210.0,210,33.292508
110.0,110,33.354321
239.0,239,33.496822
117.0,117,33.566678
84.0,84,33.61289
65.0,65,33.651185
84.0,84,33.70314
44.0,44,33.727237
130.0,130,33.804121
59.0,59,33.839738
22.0,22,33.858929
128.0,128,33.95921
132.0,132,34.039176
161.0,161,34.135029
93.0,93,34.971344
275.0,275,35.130604
136.0,136,35.212183
234.0,234,35.346179
89.0,89,35.397507
300.0,300,35.570631
96.0,96,35.630041
217.0,217,35.755933
156.0,156,35.84689
254.0,254,35.9931
147.0,147,36.10583
117.0,117,36.181706
191.0,191,36.293314
75.0,75,36.336735
63.0,63,36.37266
87.0,87,36.423004
43.0,43,36.448259
32.0,32,36.466499
142.0,142,36.550656
218.0,218,36.676883
257.0,257,36.824591
110.0,110,36.887569
163.0,163,36.981595
63.0,63,37.017522
203.0,203,37.135803
13.0,13,37.146985
151.0,151,37.233527
125.0,125,37.303564
280.0,280,37.466871
156.0,156,37.560715
30.0,30,37.578023
64.0,64,37.61506
97.0,97,37.672766
71.0,71,37.712554
176.0,176,37.816159
79.0,79,38.744644
112.0,112,38.813436
56.0,56,38.846188
83.0,83,38.893666
384.0,384,39.116066
156.0,156,39.207077
183.0,183,39.31402
196.0,196,39.426839
80.0,80,39.470824
89.0,89,39.524059
240.0,240,39.663924
47.0,47,39.691059
104.0,104,39.749443
322.0,322,39.935856
82.0,82,39.983738
171.0,171,40.081686
156.0,156,40.172558
271.0,271,40.334591
72.0,72,40.37472
235.0,235,40.510975
107.0,107,40.573752
205.0,205,40.690812
265.0,265,40.844219
181.0,181,40.949838
110.0,110,41.012782
103.0,103,41.073775
268.0,268,41.228484
268.0,268,41.381483
289.0,289,41.549134
195.0,195,42.498203
45.0,45,42.52586
24.0,24,42.542956
16.0,16,42.550686
52.0,52,42.582393
136.0,136,42.661785
118.0,118,42.730755
172.0,172,42.8295
153.0,153,42.919034
188.0,188,43.031427
170.0,170,43.129037
66.0,66,43.168345
216.0,216,43.293592
126.0,126,43.371222
114.0,114,43.434466
76.0,76,43.481453
153.0,153,43.56789
222.0,222,43.695959
165.0,165,43.794032
132.0,132,43.870633
138.0,138,43.94816
130.0,130,44.023662
100.0,100,44.081849
176.0,176,44.187852
157.0,157,44.279304
36.0,36,44.299459
132.0,132,44.376001
29.0,29,44.392865
165.0,165,44.488001
17.0,17,44.496108
27.0,27,44.512013
97.0,97,44.567104
98.0,98,44.624626
75.0,75,44.669154
90.0,90,44.722828
183.0,183,44.83008
131.0,131,44.906125
129.0,129,44.979308
92.0,92,45.033854
425.0,425,45.280834
98.0,98,45.33822
30.0,30,45.355498
108.0,108,46.264068
209.0,209,46.383363
267.0,267,46.541029
141.0,141,46.621857
128.0,128,46.694691
112.0,112,46.76174
243.0,243,46.900326
102.0,102,46.960664
167.0,167,47.059702
78.0,78,47.102778
132.0,132,47.179211
137.0,137,47.260892
144.0,144,47.342982
110.0,110,47.404125
120.0,120,47.474913
140.0,140,47.561272
140.0,140,47.641525
130.0,130,47.715221
241.0,241,47.858003
81.0,81,47.903634
340.0,340,48.102795
248.0,248,48.245093
220.0,220,48.37225
316.0,316,48.555695
343.0,343,48.754884
85.0,85,48.804312
127.0,127,48.878866
186.0,186,48.983811
250.0,250,49.128455
54.0,54,49.97855
137.0,137,50.056129
194.0,194,50.171439
77.0,77,50.222752
159.0,159,50.315563
201.0,201,50.431679
158.0,158,50.523735
85.0,85,50.570015
192.0,192,50.681078
213.0,213,50.807537
90.0,90,50.859226
46.0,46,50.884066
168.0,168,50.98385
86.0,86,51.041288
136.0,136,51.126607
108.0,108,51.201
39.0,39,51.233796
500.0,500,51.537849
123.0,123,51.611238
244.0,244,51.750217
97.0,97,51.805959
116.0,116,51.875494
293.0,293,52.046828
232.0,232,52.186543
167.0,167,52.285882
69.0,69,52.326798
131.0,131,52.401201
280.0,280,52.565265
99.0,99,52.621292
126.0,126,52.695238
132.0,132,52.772029
214.0,214,52.895435
225.0,225,53.706814
251.0,251,53.853783
305.0,305,54.033263
109.0,109,54.095842
243.0,243,54.2369
346.0,346,54.437784
288.0,288,54.605612
27.0,27,54.618445
261.0,261,54.774414
175.0,175,54.874915
186.0,186,54.985359
187.0,187,55.094378
255.0,255,55.242215
136.0,136,55.32518
137.0,137,55.406825
89.0,89,55.458041
152.0,152,55.547066
99.0,99,55.605314
165.0,165,55.700566
195.0,195,55.814947
216.0,216,55.940495
301.0,301,56.126941
184.0,184,56.234207
135.0,135,56.312066
128.0,128,56.386179
173.0,173,56.48817
199.0,199,57.43255
143.0,143,57.51472
376.0,376,57.76789
212.0,212,57.895259
119.0,119,57.963081
297.0,297,58.136729
272.0,272,58.294619
242.0,242,58.436682
42.0,42,58.459652
364.0,364,58.67273
224.0,224,58.802355
500.0,500,59.095902
337.0,337,59.297162
128.0,128,59.369817
212.0,212,59.49269
278.0,278,59.653997
211.0,211,59.777483
117.0,117,59.848216
292.0,292,60.047824
127.0,127,60.123523
134.0,134,60.201973
294.0,294,61.258312
179.0,179,61.361611
192.0,192,61.474068
154.0,154,61.564868
203.0,203,61.682662
369.0,369,61.899313
380.0,380,62.12462
173.0,173,62.225789
224.0,224,62.357886
123.0,123,62.429135
152.0,152,62.519145
242.0,242,62.658467
99.0,99,62.716545
26.0,26,62.731938
190.0,190,62.842491
175.0,175,62.945579
177.0,177,63.047019
215.0,215,63.174361
369.0,369,63.387276
138.0,138,63.468156
153.0,153,63.558323
82.0,82,63.606335
173.0,173,63.708469
313.0,313,63.890911
195.0,195,64.009223
292.0,292,65.023814
33.0,33,65.042795
138.0,138,65.122675
179.0,179,65.224922
180.0,180,65.330581
157.0,157,65.420259
293.0,293,65.59157
108.0,108,65.657442
175.0,175,65.757448
117.0,117,65.828043
130.0,130,65.905186
500.0,500,66.207523
292.0,292,66.383899
255.0,255,66.560818
274.0,274,66.726413
234.0,234,66.863395
288.0,288,67.030197
262.0,262,67.183216
174.0,174,67.286409
208.0,208,67.40597
203.0,203,67.525822
253.0,253,67.673045
200.0,200,67.79089
61.0,61,67.8262
273.0,273,68.7541
210.0,210,68.880605
313.0,313,69.064809
167.0,167,69.161379
421.0,421,69.409717
170.0,170,69.507743
223.0,223,69.639863
149.0,149,69.72766
255.0,255,69.876658
251.0,251,70.023156
276.0,276,70.183047
186.0,186,70.292473
231.0,231,70.426153
265.0,265,70.584089
402.0,402,70.847138
142.0,142,70.932778
228.0,228,71.080752
362.0,362,71.29619
176.0,176,71.400972
131.0,131,71.477112
301.0,301,71.649783
162.0,162,72.486851
177.0,177,72.591348
303.0,303,72.765288
160.0,160,72.859414
225.0,225,72.99033
132.0,132,73.067303
221.0,221,73.195217
147.0,147,73.282223
198.0,198,73.39634
303.0,303,73.574902
69.0,69,73.615883
256.0,256,73.763732
124.0,124,73.837055
151.0,151,73.929873
169.0,169,74.029943
195.0,195,74.142607
274.0,274,74.298651
206.0,206,74.41918
181.0,181,74.521968
148.0,148,74.609218
175.0,175,74.709414
111.0,111,74.776332
174.0,174,74.875742
200.0,200,74.993461
260.0,260,75.178124
223.0,223,75.311047
321.0,321,76.296626
168.0,168,76.394127
209.0,209,76.516593
125.0,125,76.590431
128.0,128,76.663485
167.0,167,76.76308
196.0,196,76.877071
301.0,301,77.052155
423.0,423,77.302017
171.0,171,77.405251
113.0,113,77.468315
240.0,240,77.611157
316.0,316,77.793682
423.0,423,78.040375
293.0,293,78.209202
242.0,242,78.351933
276.0,276,78.513049
238.0,238,78.656464
202.0,202,78.772825
473.0,473,79.052365
219.0,219,79.964351
133.0,133,80.040535
122.0,122,80.11281
236.0,236,80.249019
207.0,207,80.369614
334.0,334,80.566475
254.0,254,80.715101
285.0,285,80.882726
173.0,173,80.982577
311.0,311,81.182136
211.0,211,81.30292
170.0,170,81.404277
382.0,382,81.627029
187.0,187,81.734209
252.0,252,81.880908
184.0,184,81.988889
258.0,258,82.142776
147.0,147,82.230658
262.0,262,82.381021
158.0,158,82.473765
154.0,154,82.563821
248.0,248,82.704816
178.0,178,82.812453
133.0,133,83.689694
128.0,128,83.765032
264.0,264,83.924502
135.0,135,84.006791
122.0,122,84.076265
53.0,53,84.107367
289.0,289,84.276487
500.0,500,84.568777
316.0,316,84.751557
155.0,155,84.839141
176.0,176,84.942533
500.0,500,85.233383
372.0,372,85.446718
322.0,322,85.63319
148.0,148,85.723883
322.0,322,85.912125
205.0,205,86.031896
167.0,167,86.134392
190.0,190,86.245614
115.0,115,86.311526
201.0,201,86.427731
192.0,192,86.538888
160.0,160,87.431667
249.0,249,87.575725
451.0,451,87.839213
155.0,155,87.928011
165.0,165,88.02453
334.0,334,88.22369
434.0,434,88.480848
186.0,186,88.590328
274.0,274,88.751846
222.0,222,88.883523
178.0,178,88.988909
274.0,274,89.148888
213.0,213,89.273041
328.0,328,89.466534
247.0,247,89.607599
165.0,165,89.706135
343.0,343,89.902946
203.0,203,90.022068
273.0,273,90.178901
260.0,260,91.157936
178.0,178,91.263991
348.0,348,91.468313
241.0,241,91.606641
263.0,263,91.759766
104.0,104,91.824132
175.0,175,91.924427
181.0,181,92.03055
207.0,207,92.148982
258.0,258,92.297197
336.0,336,92.497061
313.0,313,92.681387
344.0,344,92.879651
299.0,299,93.058888
336.0,336,93.2518
182.0,182,93.357938
358.0,358,93.56413
201.0,201,93.679223
481.0,481,93.958457
355.0,355,95.038979
194.0,194,95.154315
194.0,194,95.266925
485.0,485,95.549327
128.0,128,95.624065
221.0,221,95.754926
266.0,266,95.909838
266.0,266,96.073006
280.0,280,96.23817
366.0,366,96.449693
324.0,324,96.63995
447.0,447,96.900343
210.0,210,97.024596
289.0,289,97.190639
192.0,192,97.30178
500.0,500,97.595486
129.0,129,97.67073
275.0,275,97.826885
317.0,317,98.89144
389.0,389,99.121415
252.0,252,99.272312
355.0,355,99.479242
287.0,287,99.645192
308.0,308,99.825847
251.0,251,99.971007
440.0,440,100.228932
294.0,294,100.40241
344.0,344,100.602211
277.0,277,100.759696
500.0,500,101.058754
259.0,259,101.209448
293.0,293,101.37983
268.0,268,101.535639
500.0,500,102.705688
485.0,485,102.989087
172.0,172,103.095026
235.0,235,103.231813
163.0,163,103.32724
500.0,500,103.620541
180.0,180,103.723236
189.0,189,103.833712
194.0,194,103.948712
173.0,173,104.051262
176.0,176,104.15226
128.0,128,104.227312
216.0,216,104.353191
195.0,195,104.465994
449.0,449,104.727351
205.0,205,104.844437
168.0,168,104.947542
500.0,500,105.237085
258.0,258,105.42015
427.0,427,106.568063
146.0,146,106.65299
137.0,137,106.732991
246.0,246,106.876263
215.0,215,107.001194
153.0,153,107.091931
129.0,129,107.168809
191.0,191,107.280524
153.0,153,107.370222
147.0,147,107.45402
145.0,145,107.537774
160.0,160,107.632558
203.0,203,107.752311
205.0,205,107.871903
231.0,231,108.008155
185.0,185,108.11322
350.0,350,108.318042
259.0,259,108.468357
162.0,162,108.565559
272.0,272,108.728935
290.0,290,108.899816
150.0,150,108.991071
319.0,319,109.174422
174.0,174,109.275292
215.0,215,110.256241
252.0,252,110.402893
175.0,175,110.507058
244.0,244,110.652148
238.0,238,110.788612
267.0,267,110.947396
245.0,245,111.098098
137.0,137,111.182215
274.0,274,111.339339
261.0,261,111.493575
426.0,426,111.749598
215.0,215,111.878757
299.0,299,112.058637
246.0,246,112.207413
338.0,338,112.40941
166.0,166,112.505722
291.0,291,112.675413
429.0,429,112.925737
147.0,147,113.010279
170.0,170,113.11125
145.0,145,114.01344
176.0,176,114.120323
231.0,231,114.258507
234.0,234,114.39602
405.0,405,114.639168
281.0,281,114.803962
159.0,159,114.89919
195.0,195,115.014998
500.0,500,115.316988
230.0,230,115.453103
367.0,367,115.668206
152.0,152,115.757636
268.0,268,115.911051
209.0,209,116.035712
220.0,220,116.184552
447.0,447,116.458265
148.0,148,116.545599
500.0,500,116.836841
163.0,163,116.931229
410.0,410,117.962988
431.0,431,118.212637
276.0,276,118.372694
246.0,246,118.51282
228.0,228,118.645967
298.0,298,118.819062
500.0,500,119.109741
370.0,370,119.325176
335.0,335,119.51769
236.0,236,119.663528
307.0,307,119.839778
211.0,211,119.964753
183.0,183,120.071407
135.0,135,120.147317
500.0,500,120.437583
349.0,349,120.637148
166.0,166,121.478341
202.0,202,121.594015
271.0,271,121.748809
175.0,175,121.851853
267.0,267,122.006387
432.0,432,122.262706
226.0,226,122.394751
141.0,141,122.473632
193.0,193,122.585153
168.0,168,122.683084
221.0,221,122.818725
271.0,271,122.977693
104.0,104,123.037983
245.0,245,123.194768
445.0,445,123.453725
199.0,199,123.568019
131.0,131,123.646272
237.0,237,123.84001
160.0,160,123.965531
362.0,362,124.181021
197.0,197,124.298679
227.0,227,125.237641
323.0,323,125.425061
134.0,134,125.502485
500.0,500,125.793063
237.0,237,125.928329
125.0,125,126.001355
193.0,193,126.11269
500.0,500,126.402616
419.0,419,126.643597
372.0,372,126.862206
134.0,134,126.939499
183.0,183,127.042896
180.0,180,127.148296
307.0,307,127.327531
330.0,330,127.518593
346.0,346,127.719477
225.0,225,127.849034
388.0,388,128.072743
139.0,139,128.896831
279.0,279,129.065003
177.0,177,129.169205
500.0,500,129.464494
311.0,311,129.647061
239.0,239,129.784203
130.0,130,129.861919
154.0,154,129.952715
500.0,500,130.243448
258.0,258,130.396854
199.0,199,130.514312
245.0,245,130.659277
208.0,208,130.780845
290.0,290,130.9514
142.0,142,131.039552
291.0,291,131.212347
79.0,79,131.256532
360.0,360,131.507446
146.0,146,131.590684
212.0,212,131.714345
182.0,182,131.817618
320.0,320,132.789081
244.0,244,132.934143
148.0,148,133.024507
190.0,190,133.137245
180.0,180,133.242778
229.0,229,133.377656
192.0,192,133.510687
207.0,207,133.649714
206.0,206,133.770822
237.0,237,133.911544
316.0,316,134.105545
257.0,257,134.25989
140.0,140,134.342025
175.0,175,134.447509
172.0,172,134.546546
135.0,135,134.623932
224.0,224,134.756575
227.0,227,134.888875
407.0,407,135.126493
135.0,135,135.205482
170.0,170,135.304168
137.0,137,135.386866
120.0,120,135.453902
306.0,306,136.456246
111.0,111,136.523479
395.0,395,136.751207
148.0,148,136.838708
147.0,147,136.925605
268.0,268,137.078734
238.0,238,137.219717
225.0,225,137.349693
246.0,246,137.492381
208.0,208,137.610962
178.0,178,137.717926
216.0,216,137.84136
422.0,422,138.089554
148.0,148,138.173771
323.0,323,138.360981
294.0,294,138.534224
264.0,264,138.688452
457.0,457,138.95329
251.0,251,139.09955
434.0,434,140.225965
291.0,291,140.399465
109.0,109,140.460596
117.0,117,140.530354
196.0,196,140.643558
213.0,213,140.764653
184.0,184,140.871819
206.0,206,140.994175
211.0,211,141.114184
403.0,403,141.348528
145.0,145,141.433966
149.0,149,141.521386
163.0,163,141.615406
168.0,168,141.711875
201.0,201,141.83049
256.0,256,141.977736
361.0,361,142.186968
145.0,145,142.270092
124.0,124,142.342943
249.0,249,142.486822
201.0,201,142.601773
232.0,232,142.739197
466.0,466,143.005229
229.0,229,143.988922
148.0,148,144.080122
146.0,146,144.167979
429.0,429,144.418819
150.0,150,144.507015
171.0,171,144.606675
211.0,211,144.72998
328.0,328,144.920756
199.0,199,145.035784
231.0,231,145.171392
253.0,253,145.318721
181.0,181,145.425889
208.0,208,145.544515
128.0,128,145.62088
212.0,212,145.744829
361.0,361,145.954935
143.0,143,146.04401
250.0,250,146.190132
165.0,165,146.288468
173.0,173,146.389776
331.0,331,146.616016
210.0,210,146.743424
178.0,178,146.846715
121.0,121,146.918314
206.0,206,147.911139
500.0,500,148.201092
188.0,188,148.310932
195.0,195,148.423959
156.0,156,148.515581
217.0,217,148.645099
146.0,146,148.730436
207.0,207,148.8566
495.0,495,149.143806
181.0,181,149.255806
171.0,171,149.355953
231.0,231,149.497032
133.0,133,149.577428
304.0,304,149.751307
500.0,500,150.044039
107.0,107,150.106067
316.0,316,150.289903
148.0,148,150.37755
172.0,172,150.480477
372.0,372,150.711677
206.0,206,151.720936
226.0,226,151.854444
249.0,249,152.001352
227.0,227,152.14031
278.0,278,152.307168
259.0,259,152.462052
201.0,201,152.579023
409.0,409,152.816998
133.0,133,152.895211
500.0,500,153.195227
295.0,295,153.370158
206.0,206,153.494205
500.0,500,153.788855
429.0,429,154.040868
219.0,219,154.16987
129.0,129,154.24297
174.0,174,154.345688
230.0,230,154.481023
257.0,257,155.452667
141.0,141,155.535219
500.0,500,155.827316
266.0,266,155.980855
274.0,274,156.149437
362.0,362,156.359387
225.0,225,156.489466
167.0,167,156.58572
152.0,152,156.675004
172.0,172,156.776939
154.0,154,156.864202
194.0,194,156.976451
114.0,114,157.044764
412.0,412,157.299829
294.0,294,157.488056
308.0,308,157.67029
159.0,159,157.763055
148.0,148,157.847587
289.0,289,158.014159
372.0,372,158.234726
472.0,472,159.394965
193.0,193,159.507199
222.0,222,159.636125
139.0,139,159.716488
222.0,222,159.845643
153.0,153,159.936101
238.0,238,160.072718
279.0,279,160.23675
357.0,357,160.443697
359.0,359,160.651476
373.0,373,160.87358
500.0,500,161.178948
128.0,128,161.25386
145.0,145,161.336911
191.0,191,161.447414
324.0,324,161.635883
112.0,112,161.701244
165.0,165,161.79658
214.0,214,161.92106
137.0,137,162.000071
295.0,295,162.173547
203.0,203,163.061676
144.0,144,163.145226
140.0,140,163.225852
140.0,140,163.309493
478.0,478,163.591424
243.0,243,163.730332
184.0,184,163.840376
191.0,191,163.95541
321.0,321,164.146094
361.0,361,164.360929
263.0,263,164.514704
136.0,136,164.597349
236.0,236,164.736387
266.0,266,164.89072
257.0,257,165.042173
235.0,235,165.182513
174.0,174,165.285608
328.0,328,165.483844
267.0,267,165.642331
344.0,344,165.843881
184.0,184,166.777664
207.0,207,166.90254
187.0,187,167.014837
228.0,228,167.150582
304.0,304,167.327424
330.0,330,167.521591
210.0,210,167.642102
216.0,216,167.768006
154.0,154,167.858372
141.0,141,167.939622
318.0,318,168.143407
239.0,239,168.336317
138.0,138,168.421158
163.0,163,168.515882
200.0,200,168.63117
500.0,500,168.923293
316.0,316,169.108262
153.0,153,169.193132
136.0,136,169.274862
176.0,176,169.375684
156.0,156,169.467003
272.0,272,169.627508
217.0,217,170.340174
500.0,500,170.678754
252.0,252,170.826368
117.0,117,170.893208
194.0,194,171.008654
156.0,156,171.098475
135.0,135,171.180184
271.0,271,171.335333
195.0,195,171.450599
180.0,180,171.556184
500.0,500,171.842954
253.0,253,171.991327
226.0,226,172.12402
146.0,146,172.211017
355.0,355,172.41701
216.0,216,172.572371
156.0,156,172.706703
256.0,256,172.856941
146.0,146,172.940531
102.0,102,173.00009
262.0,262,173.153647
191.0,191,173.26454
249.0,249,174.233433
183.0,183,174.340873
137.0,137,174.420248
128.0,128,174.493335
209.0,209,174.617977
200.0,200,174.733318
144.0,144,174.820112
247.0,247,174.962787
226.0,226,175.093462
142.0,142,175.178161
168.0,168,175.278927
306.0,306,175.459391
216.0,216,175.582056
103.0,103,175.64516
137.0,137,175.724149
173.0,173,175.823279
159.0,159,175.917549
326.0,326,176.106886
185.0,185,176.215041
227.0,227,176.345406
384.0,384,176.570408
138.0,138,176.650783
282.0,282,176.812067
256.0,256,176.961662
266.0,266,177.945709
500.0,500,178.240689
231.0,231,178.376196
239.0,239,178.515223
165.0,165,178.610493
161.0,161,178.704067
207.0,207,178.826252
317.0,317,179.010895
314.0,314,179.192573
172.0,172,179.297998
184.0,184,179.408588
373.0,373,179.624034
113.0,113,179.689979
122.0,122,179.763244
80.0,80,179.807255
191.0,191,179.924135
197.0,197,180.038689
227.0,227,180.170418
157.0,157,180.262117
105.0,105,180.324062
150.0,150,180.409377
142.0,142,180.49402
151.0,151,180.579691
136.0,136,180.661312
207.0,207,180.779809
142.0,142,180.865035
158.0,158,181.666042
146.0,146,181.75075
116.0,116,181.820082
170.0,170,181.918074
177.0,177,182.019284
158.0,158,182.113939
110.0,110,182.184762
246.0,246,182.328518
174.0,174,182.432189
188.0,188,182.541966
150.0,150,182.631717
244.0,244,182.771935
234.0,234,182.908978
135.0,135,182.988124
212.0,212,183.110991
176.0,176,183.214355
171.0,171,183.312437
500.0,500,183.604492
129.0,129,183.677732
173.0,173,183.777271
165.0,165,183.872663
219.0,219,183.999765
329.0,329,184.193166
277.0,277,184.35711
162.0,162,184.45111
218.0,218,185.284566
156.0,156,185.375993
134.0,134,185.453745
242.0,242,185.59527
170.0,170,185.693281
142.0,142,185.774954
341.0,341,185.974234
325.0,325,186.162938
132.0,132,186.23788
234.0,234,186.377259
359.0,359,186.584996
234.0,234,186.719239
193.0,193,186.831214
452.0,452,187.099289
242.0,242,187.242063
154.0,154,187.332343
126.0,126,187.406294
222.0,222,187.535356
201.0,201,187.65098
249.0,249,187.79757
497.0,497,188.083002
137.0,137,188.961932
179.0,179,189.06756
372.0,372,189.284966
176.0,176,189.386213
283.0,283,189.555019
165.0,165,189.651029
245.0,245,189.793947
183.0,183,189.901358
174.0,174,190.001323
150.0,150,190.089694
182.0,182,190.193246
138.0,138,190.275991
156.0,156,190.367212
208.0,208,190.486577
109.0,109,190.547362
337.0,337,190.74434
159.0,159,190.836931
116.0,116,190.905931
246.0,246,191.045956
198.0,198,191.163217
444.0,444,191.427316
358.0,358,191.637555
185.0,185,191.742473
179.0,179,192.528968
222.0,222,192.660404
336.0,336,192.855303
151.0,151,192.944239
233.0,233,193.078086
181.0,181,193.184478
340.0,340,193.383245
201.0,201,193.498995
176.0,176,193.599756
263.0,263,193.756368
146.0,146,193.839906
375.0,375,194.061465
284.0,284,194.226011
226.0,226,194.358498
290.0,290,194.525544
294.0,294,194.696397
322.0,322,194.885599
331.0,331,195.086242
159.0,159,195.176755
258.0,258,195.33022
119.0,119,195.398875
233.0,233,196.367921
212.0,212,196.504035
196.0,196,196.619767
150.0,150,196.713388
204.0,204,196.830526
425.0,425,197.082133
273.0,273,197.239961
151.0,151,197.328763
137.0,137,197.407895
260.0,260,197.557403
194.0,194,197.669241
145.0,145,197.754915
208.0,208,197.87334
237.0,237,198.011451
183.0,183,198.120119
161.0,161,198.211399
165.0,165,198.306673
334.0,334,198.505503
220.0,220,198.666133
277.0,277,198.830301
149.0,149,198.914788
119.0,119,198.985192
389.0,389,199.210579
425.0,425,200.003067
326.0,326,200.194485
154.0,154,200.284542
295.0,295,200.475719
167.0,167,200.586282
164.0,164,200.68835
149.0,149,200.803528
142.0,142,200.888669
251.0,251,201.039002
270.0,270,201.195055
217.0,217,201.320861
179.0,179,201.42599
182.0,182,201.529231
177.0,177,201.633611
500.0,500,201.925961
472.0,472,202.196594
142.0,142,202.281122
231.0,231,202.415828
212.0,212,202.543272
183.0,183,202.648205
225.0,225,203.564541
184.0,184,203.673212
189.0,189,203.786669
145.0,145,203.873527
426.0,426,204.120468
232.0,232,204.253696
292.0,292,204.42523
347.0,347,204.62706
285.0,285,204.79329
287.0,287,204.958473
205.0,205,205.077445
143.0,143,205.160498
181.0,181,205.266781
199.0,199,205.382925
283.0,283,205.549629
194.0,194,205.661648
268.0,268,205.816687
183.0,183,205.92355
230.0,230,206.055739
407.0,407,206.291844
130.0,130,206.367575
379.0,379,207.433473
500.0,500,207.719774
223.0,223,207.851256
207.0,207,207.972571
196.0,196,208.087238
298.0,298,208.264511
290.0,290,208.43295
263.0,263,208.585907
382.0,382,208.807148
343.0,343,209.006625
262.0,262,209.159074
305.0,305,209.336055
164.0,164,209.431634
128.0,128,209.507794
283.0,283,209.674438
397.0,397,209.908591
206.0,206,210.032328
276.0,276,210.19881
241.0,241,211.230689
168.0,168,211.330477
313.0,313,211.513509
500.0,500,211.804302
500.0,500,212.097859
263.0,263,212.250845
151.0,151,212.339461
112.0,112,212.40175
452.0,452,212.667015
321.0,321,212.854836
312.0,312,213.035021
112.0,112,213.102188
395.0,395,213.331356
236.0,236,213.471927
355.0,355,213.67754
226.0,226,213.808143
500.0,500,214.94352
144.0,144,215.029409
283.0,283,215.195045
209.0,209,215.314494
198.0,198,215.428894
267.0,267,215.584917
305.0,305,215.763871
328.0,328,215.990931
281.0,281,216.161354
338.0,338,216.366627
298.0,298,216.543795
479.0,479,216.823636
416.0,416,217.064543
322.0,322,217.256939
171.0,171,217.360583
500.0,500,217.657609
296.0,296,217.82793
255.0,255,218.880984
382.0,382,219.101889
231.0,231,219.237198
500.0,500,219.524482
294.0,294,219.694296
500.0,500,219.984113
418.0,418,220.224975
250.0,250,220.372874
415.0,415,220.614977
231.0,231,220.747318
153.0,153,220.836531
351.0,351,221.0393
267.0,267,221.19432
281.0,281,221.358274
155.0,155,221.448424
164.0,164,221.542732
204.0,204,221.658873
